28.969452283269273 1.7197147843924387
24.27296130902785 2.2613753783360186
15.903767415901966 3.621287605266085
21.363737900673627 2.4534524000985876
21.01813965201817 3.7674556220374544
19.559371605995228 4.300235932392191
17.78725426495483 3.6275999641329415
29.92006161986971 2.200988460585332
19.96724780535559 2.721299422157979
20.95507634320297 2.585847764851654
18.508283956384993 3.2808404883010103
26.99738525886912 2.7108522656712246
19.23734756854588 3.4680403707665626
19.719580495877327 3.4247126987046106
26.525615029773036 2.5164803689294137
20.699304195795744 2.8575614374845784
18.3259314104052 3.235557548133562
27.449115377380533 2.001023084477893
22.9348058987394 2.0378391533530302
22.312879414301115 2.6025709600942655
16.656546365822575 2.9804051761074284
20.982029090757173 3.0517264065932412
24.229219650000495 2.922278929384486
18.34850095205442 3.8740312152093552
21.016155072163436 3.4237799497953523
18.591983162012678 3.068512966668104
19.908622969639016 2.9766814266314907
23.30734280294813 3.6350765009654222
21.969944204194633 3.05428622293622
18.046960512932156 3.3934512629240206
25.768239339294084 2.4882148196532694
20.355573887258426 3.202588638989323
21.367721953013262 3.0011577964051885
25.852377122581228 2.6123170542911422
18.669936062882414 3.5072122157828036
25.74587744545253 3.9676127056535235
19.607916006935383 3.0248891735553576
29.651780832187466 2.0661422556809543
21.90684646173698 2.695395290868828
19.534763943897147 3.899794648602869
25.08390530022415 2.4792254610407727
30.831836817099017 2.171023503503787
20.91797337814942 3.3183847830971565
26.242625709416085 2.3111875274248894
21.18644526077392 2.6397672513525
22.74213946548136 2.172826964296296
24.23760243461221 2.366279017297312
19.046554208846715 2.924214322943794
22.110221152676495 2.923516166895458
21.609814760534107 2.3675109403461962
22.006895807635733 3.795515657303623
17.67958190061844 3.3997699037689855
20.997127261848387 2.951488927921896
24.823736255125564 2.989794261234966
24.322401051061377 1.7490637139531309
26.26489617768958 2.151711954045336
21.761077096773064 2.608290661300856
19.422151478542002 3.750787884514036
16.49000811523385 4.543669893291305
19.024103340849543 2.6290585953556147
23.7812120986199 3.6615084593684424
26.558978286155764 1.8861295260972826
16.428754514418095 3.497185723857707
20.065048895881667 2.954931591891945
22.819745025611283 2.9418175057365845
23.4508326857239 2.8781982005253006
21.06737700341026 3.048564971550942
22.205066030528076 3.0383007782324745
22.277580372468602 2.536265288446741
19.958973612492652 3.1647682488173707
23.290421551866892 2.927625909174642
18.408710304938975 2.8848572196108475
19.88698915759399 2.914194628659814
17.946397612783617 3.0570181340083726
29.98226027168013 2.1010691941121884
23.199556112675264 2.744937223930349
21.459613329595985 2.8765008045994573
20.318683585585028 2.993685471302143
22.10545702194262 3.0071583169332246
21.41809501325443 2.684031123860209
20.212588726590656 2.8764876658941905
19.583263635381574 3.212771091671868
20.42323033576383 4.829655705224649
25.9653022937634 2.6052063354396284
27.253827839641087 1.8007070368366938
22.962012319863682 2.904213278276589
21.10363793845565 2.8407864101583487
26.217708155556032 2.8975904055648973
23.320472629057143 3.1581283617566647
19.43693640193263 3.340227202313522
18.85726353305935 3.2817350571854713
20.997515548835707 3.3894007430762616
20.239020010327962 3.095997442076128
15.553844198939151 3.5431260060145364
17.319278285737497 2.9124160334657727
20.823668917913267 2.791870379639874
29.94544132173287 2.6331397556166305
24.19987210247658 2.5129535983763422
21.001756526212898 3.146149576063159
26.031261340239595 2.3572534676386505
19.453108349871506 3.8442389824058845
39.47858440751378 1.4000473949494516
25.18557719597772 2.122524787644646
19.5016835052282 2.944629510715638
28.92968949755044 2.841170914504827
23.665827599235232 2.7959312540671095
17.805567972099357 3.3982201834520334
20.891404833977287 3.5554903872526937
20.67592322661014 3.1302900187707756
21.447246305380418 2.4833457756198944
20.72904324559221 4.069552774330918
21.45307771936025 2.691497544657419
22.606389751679917 2.9906134784662326
27.611262289720084 2.306542677626728
33.04838181465192 1.265719826750986
19.00673723805202 3.2563170869903755
20.979997321691936 3.026739787707635
17.49843731751462 3.7176131493604085
17.55514585561503 3.5221767118698155
18.009854539743078 2.9705401818021455
18.067174659251638 3.4147422475742357
28.534721542718426 3.160103058651037
18.190847292652812 3.1869483729382773
19.955526441618208 2.544746681095057
23.39452280586624 3.117976598759496
22.139839767306523 2.3175837484757205
22.512920599833752 2.785239630904926
21.236147605493198 2.2301141083606915
20.760638534483444 3.207368206040836
27.50279117760497 2.302476697096357
25.88652876406811 2.0989800001001915
20.437109401235954 2.654606839050309
16.6644920627521 3.263380065283064
34.85583538289022 1.5947892089334335
20.893286783864763 2.813994549984773
25.601650129934534 2.51856402282677
23.67913960139169 2.5569299701337016
21.827878065955794 2.804607476476977
21.979099339131217 3.052027916282049
18.72283713269133 4.226299249386588
24.537119885336345 3.1896480538364624
22.08990662855901 3.2851216431501977
21.81176489119265 3.127773859672801
26.320056856078054 2.4936010445794783
22.513530038546236 2.932316263819066
20.788113652005404 2.686744313922387
20.063855659382742 3.0493452229613687
22.555417587093032 3.3463534352651534
18.080084414709727 3.122033200710873
19.250913622630488 3.3639416440330345
17.582189090419046 3.516713817419991
20.09489639206176 3.858000008890556
18.246083855856718 3.0164926450514495
23.36355465760764 3.0797444171914905
20.774800817280205 3.011933491526449
18.148727349461726 3.822452946689623
18.261936057498367 3.4416059584718863
21.558758692501762 3.0651681699973983
24.12944556270249 2.2722548248178804
23.892644470202043 2.280201436303324
28.919784341906357 1.9577746086498937
21.900206265533754 2.7810961445135276
28.12341507972241 2.5621126148003555
18.753664833175183 3.199928813422749
22.51146764412978 3.573290821530887
22.491136198693958 2.8445950503523223
23.37553804017793 2.255521218387482
22.736198705664584 2.6528416370243013
19.04579811155961 3.752241732187813
18.99368314295664 4.71575329251705
21.754636830534103 2.7046766024465168
19.794198897055928 2.9467957618176346
20.217554479976656 3.0568685366422206
23.022200210024113 3.0285355962457703
18.287649791238696 3.220892529639915
20.527630684135065 2.3818083887053385
23.783638389947942 2.7683747536220173
22.805574081327897 3.375089856172263
20.900449005094917 3.340192399573549
24.47084497769951 2.735856538177983
20.430025478506014 2.8038931733652057
19.146561481839356 3.557935320537376
23.02552279840705 3.1659095960762884
20.454272076925434 4.376863323130744
27.46062111354064 2.4798304501837998
17.869366184990632 3.985537096951427
18.83562955378002 3.451927528910616
23.539237071606472 2.785308686992073
21.934147580200005 2.7897158098754122
19.95988840572718 4.029172202586558
19.519878867345213 2.885172504577631
22.463225769511258 2.878064172171768
16.677789524618046 3.5623879262630576
26.23000874894063 2.469495440632858
19.191517122424898 3.027136275522595
21.58269489826441 3.1962968439974535
28.202131240448026 2.612410046719336
26.91258528507517 2.253241532891941
19.16132312584165 3.3496162112238137
21.291127296453745 2.9926510319067776
18.038589737340228 3.128887003566364
31.24259092708935 2.086546723443615
20.307692236568705 2.5197270282608297
18.700408685767584 3.4734110272160783
20.722411105363047 2.6430294954980766
20.12828979484052 3.173530132396267
22.048886492163597 3.417805384483783
22.8803084255261 2.853933615689666
18.2127290504231 3.0775732978058032
24.887645676269145 2.4165422039989983
20.405086589326757 3.1304215486888203
19.536129230524693 3.600720373977829
19.021921067416653 3.4002560562663082
22.02740355932749 3.216197571812264
22.18406669882039 2.6749951197516024
20.295661156713773 4.021199175144683
19.309002200839636 3.724931527978599
20.560538760976556 2.3612814268989606
26.07393734455311 2.3032812711197845
24.757550073573213 1.971668807293933
19.226886842699063 2.3042117262469577
25.8851012402238 2.0689713254550623
30.989987684193046 1.8957703198886198
18.779315892938428 3.0249420373397085
19.85779860058236 4.148807803398704
16.780261419512303 4.225750324853614
17.46603221273553 3.2004148512708914
22.1558750150078 3.1653321922386217
21.71195249012299 2.7794311052391154
23.221373170976605 3.7946787963498645
23.425777383455486 2.903900691393303
30.778777751578367 2.242054890498044
19.89483567015146 2.9702660457197263
25.722172998172486 2.3645374045465486
21.379716341728 3.253348677325007
20.714426948328054 2.9158419155699593
24.733664743080997 2.11633435715387
19.289992188184975 2.961384428650301
24.583413403165185 2.3624982084168615
27.56919114996073 1.685522914872628
29.4372392778922 1.6028070541045973
19.653639541641564 2.9370800260588057
20.724018684715798 2.8323280890124956
26.32095891182636 2.6221547637104097
23.924821537017976 2.2443247356297897
26.43581569987663 2.372728009493462
25.317310869512184 2.183299565443734
18.386856407061504 4.48391219405827
21.832929731364455 3.4171305802720684
20.488275477907223 3.9319743100217637
19.080016523118527 3.4982989455048408
22.248030113544353 2.624471664513104
22.20079427182395 3.081841521669795
23.407464798572526 2.2140415249731435
21.546584478014957 3.3363008005432886
19.068288519038546 3.111106407540282
19.645837233027105 3.0121441357067056
16.23011847007256 3.037133560877192
30.67224729166909 1.5763377622196841
21.558282740063117 2.727602410357179
18.44377378794877 3.3760521492762763
26.71246145299361 3.130445067065315
21.373213169534658 3.105152007199916
22.6938633883306 2.204944208367281
21.69734262970039 3.025536518091327
26.53213390944847 2.183871857341939
22.924590234995712 2.2802817547009764
25.623377636561155 1.7943397604317424
26.177820097216966 2.581502943626001
25.441854231002 2.9581785575539667
18.99910158312643 3.3056208640593754
24.4483570622927 2.752856585247872
17.685157748017158 3.497586102691924
19.279223519862473 2.509289549349933
22.01580780054938 2.35545083621949
18.007947364146585 3.0701637103437887
22.666520942865652 2.4699636375950837
20.760398976085902 3.391942000169634
22.0174983039585 2.626684927030609
18.440122311630454 3.272978744103603
22.772602872646655 2.996678157848279
17.70181390161339 3.172337678170482
19.395797000851207 3.0005039967479368
21.654248059041937 2.9868281586862677
21.746234599115034 3.2428489327861394
17.247880108074664 3.4839764682791325
19.340972848363155 3.053485343030599
16.067590212475547 3.5215343723589454
19.10372346181629 3.0628654902688055
25.808568431832825 2.321167199174902
25.62634375116794 2.3590597572587053
25.160272062260436 3.392310180272829
24.96027580415703 2.4954373974750705
27.54762439394715 2.3012576879222983
19.37337119467613 3.5564430864313112
20.303198241855608 3.2864481605772795
21.61986024031109 2.9058226362953077
26.350210299630113 2.4388261461190224
18.522750715469943 3.0529780229691776
20.692903973630656 3.006385784997809
34.73991813487842 2.123342884853498
20.177336256852193 3.3054400059600257
18.348863922144755 3.6233119158074736
20.083716532175 3.414468589673078
30.201785174241262 1.8587667803324266
25.6507547506185 3.6054970532865602
20.916935782767204 3.7874027506799277
22.098106418503026 3.003871463087311
26.994157463760427 2.804688254235723
28.477799033794252 2.3047491518606984
29.88130734577987 2.3696238338828137
30.152201097138626 2.536593644351711
15.46816475034094 4.418983033546637
29.64361207084242 2.179847576873436
18.43953175412623 3.2694997922144404
21.662532410413192 2.8226115392873026
26.695760110391625 2.6971133064307042
24.456859841102222 2.1441934756869037
22.785453448266097 2.2153662878156797
23.236260098712204 3.033824496044748
22.306645284404958 2.9796135604160368
18.1307327136345 4.128368118464405
20.58934419000776 3.1204128195072505
16.5079641515433 3.9651242242952214
25.23918980252811 2.766058594892878
29.728818063247576 1.4850865058720963
21.427560616409522 3.152042489253523
18.651374426921592 4.07747258283081
19.594209783344162 3.234686703772017
22.528345077964136 2.9194554094257366
22.706699578765058 2.3074662640931853
24.48211829930664 2.567411424277042
25.05932013136589 2.4045932797347698
21.693484834206735 3.0921934945516942
22.268456920528987 2.7866755869510222
18.8878498336998 3.3524977211794957
17.550705611586313 3.3125837872132817
22.574299072548218 2.878198848026071
19.35395435948317 2.8875097856828638
20.20921912629774 2.96257735190823
21.26093037151817 3.4962474109586954
23.955047730022116 2.4169644475701335
19.282906239423898 4.674472888352506
16.117526971423157 3.789075420830458
21.545917682990346 2.9977317534180514
19.526741944985396 3.0938330666841187
20.624096877135948 3.46434176284941
20.005017258796396 3.602165945434327
28.343987990992442 2.001258203328918
25.973011636211382 2.5310588697486325
18.413126486555935 3.6737739091273944
20.062893630676665 3.1138246724350878
18.656149392701213 3.807822729869225
22.416341709430306 3.5359881405444913
21.79000412519488 2.589713260674369
20.44697007094657 3.0756427925950596
24.3226778001651 3.249514792788178
20.57941833684496 2.5112379046909976
28.37318135705035 2.6386694471086
16.901675978886345 3.675088027389423
18.71950606871013 3.385779607924915
18.27878692922606 2.6042785121118834
29.240280397031302 1.696671485847042
27.793961593755398 2.0501261478687662
22.49269856899482 2.8128304573352128
19.548454089657827 3.2623992013293326
22.3595449165675 2.8493022684716203
26.054407861885934 2.308764509187881
20.00127620586046 2.5236676214710445
24.458862000387033 3.1679814835758733
20.081890731099737 3.185828526782922
17.305754866370947 3.4392533419491462
34.1978785413255 1.2716953684810008
26.040647712610937 2.1343357224730894
21.599865193608267 2.7705292130819315
37.37720197714149 1.5773200655437567
21.736237878508433 2.614740396982307
23.377218946249492 2.7533237740429444
22.342035924191308 3.327120204817862
26.195460824655214 2.14915164690259
22.656813837664064 3.198261379679007
21.787292063188847 3.1179544731049615
18.370347913170235 2.9713557369681194
22.32246798348816 3.3492127333266764
22.82537960429848 2.551765210139738
21.124654574894592 3.553777286008888
20.635962542979097 3.1702278908742128
27.988250228695495 2.6436594573531456
22.281945410772497 2.601720658614207
27.813279926180492 2.8219849735269174
34.15456017529736 2.0478480170475892
21.550270383202193 2.9819864173434496
20.960275913211007 3.3673351123400046
23.292170935733782 2.4115264895148125
22.475809254873973 3.8365318036962486
22.041693468243214 3.1697538943980264
26.081413964814153 2.0447825339912953
20.699572036733805 2.9706240738570244
22.633596368964753 2.8967518231041294
17.978243700148422 3.761485703337114
19.949498354574093 3.1132583239205744
19.54874902103568 3.5503768473423527
22.98079198882096 2.3264351168742903
51.34226396902874 0.6662299261402858
18.46857936027056 4.01954066918568
20.668145613737064 2.685581191046302
23.4350322079491 3.134740779646728
19.816749171655474 3.6295970374208175
24.794404366603406 2.2481498865135054
20.868132610360533 2.714978925283916
20.21297524725152 2.8963260921053937
19.368235474462168 2.9130941867354427
20.809199687900477 2.996945637962611
15.626879526821577 3.935825349064084
24.79334400979292 1.7964274994766483
23.780248551046178 2.455088680057335
20.20285079105813 3.7947471564297355
16.82683655154774 3.7971061798503256
18.9608550822702 3.6591719994396943
21.538296684182704 3.444094526780591
27.18367369955828 1.6412630350741524
24.438609350406225 3.395673142467647
24.08891973024833 2.5235059342795854
19.18480299520621 4.233224777774764
20.351152459482407 3.310943211307967
16.315363786719697 3.7146178538065318
22.818794621000727 2.6992089470439597
17.171856634759497 3.897650488845835
24.112249796980052 3.733738593550032
21.091651335323142 3.11733236557038
26.40688969704959 1.7980620834421275
19.51775294182087 3.800529564657073
21.93513000056691 2.8925486769734565
19.689465687717355 3.1933534267327524
22.749159185062435 2.5238725856932698
19.96403086911551 3.758707770950175
25.287956818184245 2.572984033916115
20.72110581489404 3.0393448908780196
29.69785919643477 1.8579033672215406
21.121543586033148 3.3147183125626745
22.633907082390486 2.123871304394081
22.786555797512943 2.7998012616785535
21.77687038064937 2.424312151745683
19.336526553745347 3.5501219165699105
17.705670376848584 4.252900848767513
28.354917087465182 1.8604825658176123
21.110263356228543 3.204499087468283
25.690594685086104 2.494311349613555
20.901553230530123 2.697834713749569
23.352733735498223 2.450321671414564
20.311915749432977 2.684163515168005
28.766859727842714 2.008742950681998
29.65521392074598 2.1129945811467463
19.59635639334572 3.966993336386489
23.15915760693188 3.216831676671535
19.770382592287216 3.0145102340047525
21.813833592205082 3.778884794189993
22.72639715307417 2.3173135620590535
24.452316069945205 2.629361059975442
25.534146543032602 2.651155312617431
18.067999327215247 3.204363385973917
17.80708600806171 2.5862815486189032
24.023740432230213 2.32155583744846
22.576825922157614 3.144784970239278
22.34271894969464 3.040465072354112
22.459246250950258 3.2371866351891594
21.40088363420004 3.9318816271380763
17.717019501113434 3.8216384915441135
18.334063382295113 3.179674269527533
20.074890839197888 3.2544489486181782
30.728461316088726 2.1609992476468713
19.560686828357095 2.9604784727162845
20.592665102577673 2.573837686100304
25.04877186241701 3.891270288227658
23.440116352126207 2.4506360492855506
17.82443337879578 3.0214335794496954
18.931632660910804 3.7057986704654815
22.561421421930778 2.013515652847714
23.540518388386765 2.7151550912478797
19.157858577067024 3.635440902834139
22.66266498614204 3.190863594322752
19.492309443484615 2.887745768003941
16.161497770963944 3.8596675969246643
29.25098219508863 2.230042916877408
23.2455924614071 3.107608470720053
21.286900450852574 3.092646126995007
18.19739639055201 3.698372561387356
25.453295500672287 2.52797263620351
23.721645590306746 2.5379607288882196
25.292693670900135 2.9151312885232885
21.674063697765927 3.110421057472659
41.90766329790253 1.085629300245827
18.881844294061786 2.772669122427966
22.959799670915835 2.945511232338226
18.309263833332658 4.694458495257877
17.621109724651284 3.3834147637813485
20.978385031090987 3.521997990457752
21.440008144380666 3.1549555150879254
19.712152559296346 3.0758536384362007
21.365223417516788 3.011889515903693
18.75128833993966 3.049083990336264
22.982123112989186 2.392639463149009
20.881995382437072 3.171648475616699
24.126627102042086 2.545428090127434
21.25583759364892 2.9283906799601214
21.650528955572426 3.3323603362912393
23.02884628039011 3.7956136759282124
17.69059522510438 3.246096701899718
26.906995640821926 1.90833981039778
17.318557561710236 3.583021795239237
23.26486536769284 3.3832924824463664
18.81855995689266 3.2437153335275437
27.983851198941203 1.8329973241632331
21.48348341584502 3.6336289714335597
23.670559295564356 2.8747646519112906
27.81745377705651 2.8485924215382616
24.68222748597678 2.74729530332409
27.729069321552483 1.942190987889633
18.8738866149176 3.6478174720496623
23.135922346006307 2.968865855186106
23.57348132026236 2.9853884040643983
23.453871527741587 3.521918024770854
25.17029489338832 2.5779981952928326
32.93944648731021 1.4646235113061743
23.14488923947278 2.7813723520267795
28.778095074736946 1.9099690485506495
17.24375372957158 4.399894537059025
20.912489492659596 3.002102589803826
17.357085081567668 3.2142599682402992
17.65139555826403 3.023885280111424
17.787338421650066 3.595034635746483
18.58021477284626 3.3099780152423763
23.02906989095307 2.67715380951519
16.51263125207231 3.2641589185258253
21.006859782322525 3.617731523851546
21.347458701786895 2.2993657368117324
22.20208701727211 2.532676317181658
30.983929747102017 1.707105359795977
19.779308397648133 4.031069827869481
18.720812046180917 3.8728367247600293
15.461553085642985 3.26032801683364
21.043643510950034 4.159856451860143
19.249230852025235 4.358235704505565
18.20287193719252 3.030468037875327
21.172096760914478 2.6870983855245547
23.562864907844272 2.4966124880133718
30.337727089136486 1.8423082135259672
25.45754684246763 2.0458013077873507
19.847469557790813 3.195098200265681
18.9352546847431 3.744479019649803
23.1647660729233 2.551473750125571
17.156033411136526 3.7434055312565713
17.83768947651288 3.3586956892127606
33.29869325194696 1.7231163416666884
17.874602901537468 2.681977991298105
23.01169567031694 2.7098049378012843
19.693655188148224 2.9579637541826607
20.102736125783576 3.16330913840721
22.445631548045267 2.7437429012183783
22.249137563181495 2.8996537882178237
20.23170752681527 3.0278374483110944
23.917986475160852 2.5637520674564405
20.073231559473648 3.649362921828167
23.64779041560584 3.0034643412167705
20.95775053326122 2.810978578216803
21.036912757276102 3.8346989862606202
29.624414012963594 2.2257435972807755
20.836795624179647 3.1542697963482573
17.705250871758455 3.7458842392322413
18.151971670526933 4.102923622712594
22.399037138305722 2.794310087602727
20.158960468619856 3.323139891691236
31.33901312615642 1.5854684013434333
20.584228220553904 3.905474203966767
17.37635923216844 4.17975731266229
23.83924686494055 3.0593339717014976
20.842044755421664 3.131231823945793
22.589696931795768 2.718683167269824
22.522531750927307 3.4119432585933955
28.521289621794878 2.786043489772596
19.69030410787135 3.3110277248663493
29.19093639010863 2.3439895581317396
20.492210960600953 3.1135178011224713
32.09262717761304 1.6771560527032712
24.10796182106518 2.7789972509454306
19.59291655851906 4.478081966493808
20.568662662796005 2.793419190550652
28.112086031212165 1.7435034398301197
23.001757864590004 3.70056907601027
23.331270338894154 2.8679387074875256
22.733805266685234 3.382937560347602
18.174547246352546 3.243525022996568
26.309244117174572 1.9861691512309059
22.693485252719544 4.387777535501659
19.651949507742458 3.191530716976874
19.9330865689385 3.2116026414325596
24.020062156775587 3.8392098281716107
23.01352022063038 2.963817688310492
18.93942263533863 3.4682906112919345
25.350402848174763 2.202832197169312
17.31224275970211 3.2838512803981126
21.41863740671226 2.4671780384808684
21.966704220834476 3.2994047847564376
21.99340191232488 2.9709860851816297
27.68406856466702 2.1407313764885147
17.974081291609437 3.1417343654790386
37.26527832193834 1.9796554153887127
22.10216368772834 2.7540727727271097
21.03451395453788 3.4152109253955762
23.79725256399263 3.1574518956576387
21.25412212643072 3.1263788255586165
18.144055597626256 3.4670702794650676
17.780794898701014 3.345096079496708
22.255086220483733 4.023064630486518
20.448636723568214 2.676915894000686
20.805385908191106 3.7815001091047615
21.71672671533133 3.107741368188512
17.93799021767286 3.8425868582857574
17.097280035823953 3.8189962442754024
24.61050870970158 2.2933923195867463
26.25545462528913 2.2632007817026603
24.576958255256045 2.5308899265161227
17.841431773316685 2.517714625789492
17.061905308301778 3.2338755164518926
17.072930781827676 3.9345660558475775
24.03319129351369 1.8278640401296555
21.57165743927385 3.327253137892248
22.113914071927244 2.611384467293489
18.898220444444387 4.202340793168461
18.646036790787072 3.2966399498073513
35.59336087866007 1.9640727048884263
22.6106281719642 2.904201418434943
19.572381238535574 2.900776604427397
22.967972484309467 2.676548203171194
22.058958883612124 2.7669586486145312
21.59476005495578 3.715618634318711
19.748715627308684 3.168653386309443
17.954719847859202 3.6417695906513385
20.76149825937615 2.8190739171717354
18.38700431596467 3.272389911040746
36.79898419059809 1.4199511004948884
19.35208945371433 2.8881739559117503
19.74118819502351 2.923674392442109
20.66825790516058 2.9285396372276753
25.59167002447382 3.535285397406225
23.92104023822636 2.8940825707661686
18.716190394333218 3.846242015178749
26.83606087190994 2.513765263865931
26.219516741309466 2.5934887316131117
19.752950399498353 3.251406833400385
28.04760260358421 2.111235963829433
24.2756967593032 2.8482143014780807
17.436667290195263 3.5314403679801787
22.91954941260175 2.8120415303257644
24.039495923012574 1.9850224086758383
19.564001721913687 3.020531889474875
18.934891175421765 2.6935198307774497
20.180350620433554 3.6970229835313475
17.910469792607216 3.8384586607395943
22.610917262870117 2.9435457437006107
20.982514488843442 2.8696049713522296
18.519734802994837 3.670723662930157
31.277867627988723 1.8443597250713868
21.804150963798513 3.4675910912683614
21.247079249274588 3.1807949827524875
18.692363886782744 3.379879732197617
18.26480673691243 3.386227149905556
24.479533852440436 2.0347416019607043
24.866931401860604 2.4377261318432923
18.878364709278852 2.846048360834908
21.6413268461529 3.1179584174969786
22.519957646411605 2.511065241659821
22.02021993996727 3.527945442034619
21.5607902530793 2.7557619018114163
41.93452716246429 1.2131136297585217
19.05069643092277 3.771389638454931
19.620816151111246 2.991166744733704
20.441039928997903 2.2946799375399025
22.284127234051745 2.9464524892586006
19.95158708122314 2.850296178053629
17.595599708099652 3.526416915308288
26.9984093215183 2.854739938819065
19.439543706244546 2.576697638453782
19.869566001894743 3.4935872950819955
26.231661927286595 2.3322037406288896
26.35115496570027 3.142340565422609
23.988392242771678 3.513549812374114
21.006631770948236 3.0102749623745684
22.70623808621062 2.733907458928769
21.521470285239086 3.863564714190421
17.51370333146518 3.033957656818633
24.639650486436807 3.121449758744745
32.072736737060744 2.100020646384157
22.978757728013612 2.993980608897809
22.847683189235546 3.0521385059769846
20.19221144269887 3.3486078279642473
25.497363801837775 2.2588734184028763
22.299279944994506 2.408245220688571
18.256411475786706 4.61553292221502
24.9276522613931 2.4894990653749334
36.07936632729382 1.474396332553907
23.555193535482967 3.4001455284464557
20.113483406351005 3.859595915937699
17.803363883573407 3.140208594770155
23.88404880195167 2.749129846672948
21.707972033060127 3.4070260669646295
23.32215801850131 2.792299084410388
18.510788589253483 3.2039757750036135
20.5512064644452 3.5513859901692584
25.701457622150244 2.9895612263098115
23.4348720842275 3.110247907606455
20.8656768424386 2.5107422896932223
19.21971898252036 3.5385881944937556
21.518811310132442 3.0673610613981968
22.40448133437828 3.6398694937802727
42.17252970886143 0.8737772175580536
18.180026773917955 2.6755094630019443
18.39778059937505 3.177507938816456
17.175830743236876 3.744098661997245
26.725021161454322 2.750511405471101
17.867633612838706 2.7259161245315564
19.030368410139214 3.3399306008899443
15.652654256998206 3.248152967244168
24.447279794576502 2.6763096828649378
30.573316426938973 1.9512569926478112
23.078494937350133 3.301314682830926
24.654812051944507 2.434225533143371
28.02280594722007 2.070373690995055
21.81240161984038 3.2628464226065255
21.655270189484867 2.835001811628408
19.01642399858706 2.913345563474158
22.616349253182506 2.895698544493673
20.449544620071652 3.9773976299302327
20.82132481480845 3.2397470708923333
23.754180890701306 3.1037364727312884
23.341022429712613 3.2374696064028803
18.66541034147578 3.1342439676512592
22.489834033901335 2.498737229267416
16.00204560525256 3.535782776502672
22.408120721304936 3.0083609345022437
30.274987044868258 2.2750791364263834
21.03732523637773 3.68447735251463
19.310217413329237 3.5055223211567648
19.317193613729362 3.0946505038480474
23.091736959229376 2.904837509929277
22.17468446746897 4.019576314558428
48.89085840291036 0.8783837928260868
17.094545846097297 3.796400243083647
15.864431072076345 3.1237437338346057
22.1725161501818 2.4518213399818394
20.626714441146582 3.2588021189559515
18.41573041759311 2.9325482126781446
26.428632722552504 2.809310874101199
18.668898456149325 2.938479387959951
24.039831776555708 2.292575042040446
22.451377743707415 3.127434868540734
17.648480550686973 3.2762535477606125
23.203092712161343 2.5486698970323958
18.450300629931046 3.13914252636995
27.202462598449035 2.4466240836672264
20.127619566726654 3.2203655697453955
18.618530514116053 2.6546275602840166
24.78708710665073 2.937329579778676
19.268156577808114 3.5123891577614486
37.4120693858841 1.7236760588268842
21.189137997784915 2.6658933104411804
21.381949343732348 3.102827584342678
21.250161634713493 2.8483839553928423
20.46228953731513 3.245706645449379
20.206050484108868 3.063288476199207
16.920484486480586 3.8695756685851075
21.447244028055398 2.8361937624673654
22.900291646917932 2.594886792577504
19.60890288170287 4.224936781141358
22.330532943082503 2.833995390369219
21.2761983964415 2.7173487199962363
20.18837033775949 3.186692111995356
23.796189247748394 3.003407101323369
19.830165269379982 2.6723091882328154
24.081954398344482 2.2489186766442195
25.722260419972763 2.555541294207401
17.219030418820847 3.5270141966467214
18.96188470156598 3.175234874933284
19.239164623892858 3.2887137007607876
19.24455322559504 4.361228590872622
21.057513722674774 2.5284143265527774
17.71388846940967 3.4933237669243833
26.560845265979268 1.8211444850717866
18.08466387948227 3.7302894343161785
21.17845978777825 2.4015556281126926
22.006442936334217 3.223837274175106
24.636568479186067 3.1234068659182848
19.743153164292956 2.7453250054650455
19.801332234792064 2.8932728300084354
22.263440823508542 2.8693625057811474
23.95202272109042 2.329269615714096
18.00683206510147 3.527870336855814
22.62582848941961 2.6411147048579933
16.945358724307912 3.5358410673469254
24.0307950113542 2.844820720520919
21.071275932881804 3.560433391111471
26.51685898906173 2.066597654567296
19.07780108431847 3.486512147569471
17.14173170793112 3.8111491715223464
19.576131127551655 3.3902063449872335
23.198915552123758 3.223058714924136
22.67340718461613 2.6227200373888784
21.597129065439702 3.1266271738597524
22.371952749381407 2.8376766154195083
27.46370653099838 2.3359735778077324
18.41305072774973 3.0565910954700817
19.598740935798208 2.7157829731397563
21.30442851343047 3.4592309785384217
19.907317033296746 3.273279940839442
18.918410936719365 3.3470470582992893
20.5500439936606 3.0275812094851617
22.49371439836321 2.338620277911975
25.28616432355587 2.223283032432711
16.667881373887667 3.4036030246377513
25.2181386606523 2.833400587225806
23.1006663915394 1.9808477891704581
21.171354884794717 2.9491531489072136
32.22410833383993 1.9465644613247617
19.517062157552168 2.8005840470391306
23.564272929939367 2.680073031720087
17.794058874912366 2.9986069929305907
20.92656701112724 3.292517608062944
21.50172953162493 3.222395904901932
20.735875159709483 3.9239439699089558
18.984389447431695 2.825145719999438
16.29986788636036 3.4625143739956945
22.287739297795483 2.8096465583809564
24.99529280462825 3.3590063946063613
20.8401261598577 3.583514260135407
22.602015577881048 2.7036592513102833
19.694363329042716 2.7102425149078773
24.230629876214554 2.8558178126253684
23.55755951506017 2.4074976965884587
19.920534519210083 4.051283713821445
17.569691974746537 3.619938296947951
24.662690025461526 2.7053651038773547
16.505938746961643 4.076465803758935
18.43591367690582 3.846443724102736
23.958904624394865 2.480877167089831
18.5398224346414 2.914378761288102
18.209184327281243 3.0631574416187295
21.16595986664018 2.4824102387059233
19.177735155242747 3.3242073274350306
22.455056949515367 3.178061686455245
20.060792903546268 4.553607438177144
17.316090481087063 2.929205405090188
23.751018867065284 3.079626071065102
26.085285757149947 2.005996427819928
21.742126567356937 2.8062247712564985
21.173254873877983 2.5454179340800778
19.633502576796676 3.388152067931624
21.153084599947707 3.1674038335647574
17.954021040412485 3.052306628755027
24.004872970902642 2.662567264123131
16.819834155654128 3.844905224762799
18.024197001879788 3.1007544681971853
19.339001398883166 3.9896590705894925
22.56012841706082 3.7728877283635227
18.920557836425797 3.3725409008597156
19.06892694836315 3.054653225244652
18.437856000182354 2.939045018242494
24.848459902598574 2.1245651909481618
19.72690697517377 3.2531099659478895
24.10411366177558 2.2706254750618515
17.343533027649183 3.0963363570996707
24.825390211173715 2.4889491180592755
18.721331709458575 2.7531945523680323
23.324582696542667 3.3757771912638037
21.628004559415526 2.9132825586799886
16.846143012469 3.366583467141093
19.06898355590185 3.5392289365547556
25.602531607322437 2.573018818780249
20.46956954048152 3.158296258932139
22.201801301639225 2.9084100990877335
24.370066315159676 2.187669054454097
26.139226537965243 2.364623294693406
27.734343407571235 2.4017539419734057
24.53483887425021 2.374906161308912
19.9582456137316 3.2397030291294966
21.908857584729425 3.4145702945745953
19.194588309892545 2.94301723227262
29.02373403248302 2.1274725404937005
28.693191805326652 2.312961723751927
21.853644080927598 2.5140242693215358
16.30974124797858 3.5417156937267
19.453661814518227 3.098415086509771
19.15638619604703 3.7162545495759027
19.539883807526426 4.564703577583141
21.088085536735406 3.6380254077250047
20.995671803116725 3.566189226297623
19.925018637555244 3.4493725417952237
17.307454068802148 3.6796584390377367
22.480844686551297 2.3159774889704012
24.243131363108244 2.5035169217949176
17.70287049577688 3.1086155042407193
20.521899586819842 3.3538027889212048
21.359458404296753 2.9621464251399843
32.709873182996944 1.3618901262775192
25.721989244871896 2.3599875122372937
20.446269970498893 3.2002920424612022
22.602066705744218 2.4648993587554417
27.66623988957021 1.9382446022604136
21.15649503069432 2.586492187130309
22.202952729082714 2.4078424432791987
26.31466363384889 2.246725167295823
21.437555816667338 2.8037874091429655
19.553361921060933 2.9771320524119966
25.063869174445063 2.09504452648708
22.429959552112017 2.220615166000231
17.248318892774755 3.324290300418357
21.222745708709336 2.977680308885586
20.51341242028836 4.487199803678608
24.205658256252462 2.289744121048586
19.147226823912757 3.2881892107912454
20.865931252882685 2.9168343433451103
24.83373431919827 2.870475339681956
23.39304329398066 2.576680484840106
23.63555139233509 3.085107839523603
22.40345029055396 2.275399280747299
21.376318818963245 2.486932977058923
20.2955067385332 3.821055539812167
19.919313753444495 2.86580255010279
20.452196496988037 3.5607606930391253
20.276687249303574 4.5990989175587815
33.55030748944369 1.2562870294990305
24.921000735243293 2.965704565515731
18.84980524951757 3.928670283294364
20.705952203529694 4.358197216003322
30.681141027182008 2.0500015354258134
22.806255679162316 3.1480881890329644
31.91402048316674 1.8314880478231768
17.00981796387783 3.8821903771463218
25.776425408068974 2.280444123355247
18.015228090030337 3.047143701489298
20.700978693609933 2.611393950303854
26.681269679962085 2.5497556970578175
25.492300263626554 2.3257554757642
33.30509526090031 1.7126171859168908
21.213753905471098 3.327667617407927
23.24421048690507 2.396420735661773
21.34424369591361 2.65817279389927
18.633625461776727 3.1718853007432783
23.538203588972035 2.953208127575263
28.58725872159838 1.8914352515180217
19.31344589108304 2.613830815555684
20.263730086725676 2.9713095396525206
24.219776246177393 2.842590720595364
21.933977447685955 2.796461156836527
22.413761258120406 2.9614322136905495
17.994397668544092 3.4206596900248303
21.991017473617077 2.992353988699812
24.89330683720741 2.7456328280145015
22.47570243698972 3.3593640684300192
22.485301310460898 2.807557668841875
20.49359291189557 4.038197932322987
24.637484943371476 3.381627681537515
20.39673526511751 3.099439043993691
27.882166528113018 1.7602182029242637
27.497762032341264 2.056781056360804
21.743148437872414 3.8690324224096226
24.710278735161108 2.776341492675042
21.527033547666587 2.635037376655971
17.476066355785253 3.246340965979049
29.65802673313585 2.2823122794794917
22.20713947293236 3.372452278193208
18.266785303143614 3.045640003664763
19.158071940437658 3.065201294804413
18.80215357784082 5.233654047042935
19.900500646117205 2.6698347723116678
18.477547535771258 2.7350757327739643
22.56428150805807 2.5530950983931264
23.97532858830383 3.518376316220065
22.898669013590574 2.693765664311023
17.58816357806556 3.010438019322068
24.70503879047679 2.768929346027461
20.072539407816237 4.1665939564838155
20.77622607807635 3.4127762189252846
31.59343767107037 2.6085002118505787
24.732414596107443 2.7205684548431663
18.565577773577502 3.7260927678942997
26.086811851029317 2.4995148909787033
26.634920728992633 2.2717978104601695
23.36669184274068 2.6693735178401288
22.868754491623182 2.766017954756963
33.35389275512493 1.576828282086266
20.375217448029602 3.08221744814337
16.879984561240125 3.2272342168806785
23.273282649336036 2.6803786668798395
18.76944247362481 3.9362892944030174
21.536408463544614 2.1138394843114154
21.747940512637868 3.6239350695546793
21.451544429672946 2.281461786938547
16.483941340532326 3.482320822493508
32.1231199820435 1.8233141313740204
18.79508598608872 3.296543878575621
